time,x,y,z,phi,theta,psi,x_velocity,y_velocity,z_velocity,phi_velocity,theta_velocity,psi_velocity,rotor_speed1,rotor_speed2,rotor_speed3,rotor_speed4
0.06,-2.2989127854726588e-07,-1.8995257648952094e-08,10.005048215673693,6.282815813915498,0.0002103085477758171,0.0,-2.033706049976844e-05,-1.6485256294607264e-05,0.16826325091155084,-0.0228113973410631,0.009727341506799917,0.0,457.7594431449314,458.5326553036532,458.8550031627921,457.04091532964816
0.12000000000000001,-8.814531661115629e-06,-1.3821120083316844e-05,10.018031175514214,6.281427293131625,0.0014259204527631297,0.0,-0.0003627849811417047,-0.0005834278974326328,0.26448385051280743,-0.02381150265026117,0.03570220406351925,0.0,435.128150639468,437.2968569662282,435.30904662579076,435.22530472578467
0.18,-7.490404112302378e-05,-9.733807988081994e-05,10.040367563403201,6.280236558911259,0.0038525819962655916,0.0,-0.0021138283181532267,-0.002355165070676986,0.47999529641676797,-0.012905488160197822,0.04855073422716168,0.0,471.2279956704426,472.22072931286914,472.32070995330264,473.16096823351114
0.23999999999999996,-0.0003043212652927603,-0.00030956573255783095,10.07481900807621,6.2802090874411824,0.006957898479532432,0.0,-0.00588008126646393,-0.004756376457127611,0.6682928020162906,0.016990334604871385,0.05749545137901631,0.0,464.50392054888084,465.2063205083555,462.6567154350318,465.00423671895163
0.3,-0.0008234128768495858,-0.0006548418896637713,10.119095272834155,6.281916657741485,0.010747945842086715,0.0,-0.011814609907655777,-0.006598585659800248,0.8074913817066549,0.04490270845891678,0.0726044401059571,0.0,449.30115524010466,450.52705545959725,448.2585763313173,450.52098319299364
0.36000000000000004,-0.0017930017533114913,-0.0010681899790321095,10.172403642411368,0.0011712733911757311,0.015521488708517772,0.0,-0.021014058079750646,-0.006892314092399417,0.9693244929862412,0.030453411589445648,0.09072472425215623,0.0,457.12308755205345,458.5693363279302,456.3207362832695,455.1667819578318
0.4200000000000001,-0.0033345501363082337,-0.001456176286849015,10.229882549045337,0.002799825871209194,0.021032190852769084,0.0,-0.030830512435329183,-0.00589484555376978,0.9466499147217979,0.019527039475173077,0.09399494012782884,0.0,396.6298634043922,396.9382565323817,397.87618626880163,396.8749672634872
0.48000000000000015,-0.00559733550525637,-0.001753517207425951,10.28772574539736,0.003842764535621157,0.02667274914231399,0.0,-0.04511589516445111,-0.003914032704047913,0.9814146051298865,0.012705358172086635,0.09403799732009004,0.0,416.6285261014951,416.640427743702,417.0018391275145,416.4055330721774
0.5400000000000001,-0.008887073257368148,-0.0019047036353086752,10.34997470921601,0.004409125360943733,0.032214947151572915,0.0,-0.06511991516842912,-0.0010560329347832397,1.0934325426233602,0.0019417956603985658,0.08880856422434555,0.0,441.5450795827209,441.1207532484504,442.65730131972634,441.7706629522404
0.6000000000000002,-0.013453688585964192,-0.0018791610150010025,10.417777445379599,0.005241768566688343,0.03727044804900803,0.0,-0.08760931658385755,0.0019603739312077356,1.1665679928533632,0.030805639680591343,0.07311144169345889,0.0,430.52415576535253,429.20010551585057,428.18511740013054,430.6333134869283
0.6600000000000003,-0.019432052231858288,-0.0016557594801691034,10.48905744782518,0.006709639087974395,0.041472618907483216,0.0,-0.11207054353045368,0.005645469476315786,1.2093697731732052,0.007101814108486917,0.06304475191270018,0.0,421.4065499353677,420.5395823208105,419.87799484784244,417.81683678853165
0.7200000000000003,-0.02715763921304034,-0.0011560519204331572,10.567668501771239,0.007181399021878754,0.045797115555814116,0.0,-0.14591922110292205,0.011062328960981287,1.410748870816543,0.009342566306388578,0.08580885671876544,0.0,468.5679128998127,470.3376488655377,469.73270594892995,469.906301485878
0.7800000000000004,-0.037061172892308106,-0.00031357030242585,10.659196922424458,0.007396913585166587,0.05081271950550992,0.0,-0.1848010071901049,0.017069363718695333,1.6398653128665857,-0.011546582922265337,0.07875033838183078,0.0,479.10255462689713,478.5707806149571,478.5979360203851,477.0055070937583
0.8400000000000004,-0.049250969920868276,0.0008654264513061664,10.761217165406938,0.006257690720845588,0.05512545161812632,0.0,-0.22199799729409603,0.022140470346142145,1.7606025784272967,-0.041187631594381,0.05232701199721835,0.0,447.79622884194134,445.6455273247069,447.2677643688238,444.84727885674005
0.9000000000000005,-0.06391663491939521,0.0023337041620552935,10.87331710266297,0.003703979437784888,0.05792177357351047,0.0,-0.267196839816111,0.026501091429510973,1.9756915831996607,-0.045461728090186365,0.031578996727743086,0.0,475.9920091047194,474.40275255944726,475.654426262468,475.3261510166884
0.9600000000000005,-0.08135950329829197,0.004001479516454632,10.998367934522124,0.0004548324560360584,0.05995684068313967,0.0,-0.3144456641002334,0.028748312663397762,2.1922605530235466,-0.08372164999511707,0.038226243087229654,0.0,476.4570448936364,476.9653279580695,477.8306245045707,474.90293300176535
1.0200000000000005,-0.1014751710540226,0.005717426101430898,11.132874657597542,6.279280381855063,0.06172664821874552,0.0,-0.3562864272049049,0.02797845147467367,2.2910838669205207,-0.05665842916134427,-0.00037723699022678553,0.0,443.37098940709575,440.188320579693,440.38396594309273,442.61231582244335
1.0800000000000005,-0.12398690569408861,0.00731291141053956,11.271004567286452,6.275688800794761,0.0619076716535254,0.0,-0.3941127911288734,0.02488913433101359,2.3131949165667822,-0.06718191793471748,0.009063342433915931,0.0,416.6688115262539,417.4932573717947,417.7270671370264,416.8055756085868
1.1400000000000006,-0.14897306753606995,0.008628774395325303,11.413668417877725,6.2717208494694106,0.062213012925586675,0.0,-0.4387927422980949,0.018550345346571427,2.4419867778784647,-0.06411322021834388,-0.004362119865612323,0.0,452.31686537718076,451.2343347264259,451.2273415982646,451.4718177147407
1.2000000000000006,-0.17670143468955296,0.00946858898277677,11.564978204060917,6.268090571985347,0.061726732343161395,0.0,-0.48542850195578596,0.00903461223389992,2.6013133618764717,-0.054122239916661444,-0.016899918654025518,0.0,461.58090693083875,460.5905325429269,461.49003708565306,462.27547742869524
1.2600000000000007,-0.20699308712010284,0.009714785182154715,11.722248075106679,6.264955248011727,0.06052962455590016,0.0,-0.524190512533579,-0.0011233896454548786,2.64092095977011,-0.0487624592379333,-0.026885957995713413,0.0,425.07887825424774,424.22227094831624,424.1714486522778,424.62955857578976
1.3200000000000007,-0.23964608475553187,0.009275044522775592,11.882875756599594,6.262083292034504,0.05869728160916576,0.0,-0.5640708737516273,-0.013815166117842085,2.7131652790454313,-0.04613116669895941,-0.03908358179694837,0.0,436.12508084629945,435.1047452647561,434.93493950766054,435.15381020978685
1.3800000000000008,-0.2749555748156526,0.00790656951584998,12.052976818385133,6.259539763748176,0.05725006404015076,0.0,-0.6126622900263299,-0.03211367370658852,2.9562703025041577,-0.03580465727214722,-0.0042870724448912986,0.0,485.74560195138287,488.3478194295034,487.3671681164912,488.13753697881185
1.4400000000000008,-0.3129051137427091,0.0054847481799912955,12.233308806320919,6.257988118235689,0.05762844685793311,0.0,-0.6523251137018284,-0.048790162208471516,3.0545245070592384,-0.011072717981060734,0.021815978662897733,0.0,444.01821073671204,446.15451810587996,444.4310815683542,446.45336013260345
1.5000000000000009,-0.35323651884709895,0.002040533039119382,12.419324967316024,6.257019654079835,0.059041429970784876,0.0,-0.6921832333886113,-0.06608966526617771,3.145746314037594,-0.028936299869854243,0.026809053812119576,0.0,443.25150537807554,443.6617161658093,444.5601646420934,443.0940541950378
1.560000000000001,-0.39631670550749304,-0.0026105840233964393,12.616292485442507,6.254963747498216,0.061017590751233364,0.0,-0.744013291030377,-0.08916411850952868,3.4190228446100335,-0.047924686290251345,0.0430026521034224,0.0,497.788404581044,498.9722836092251,498.7953178142976,497.4062490125679
1.620000000000001,-0.4425390352262143,-0.008693218538210716,12.829261016044363,6.2522527627365605,0.06331401643849333,0.0,-0.7969956984428035,-0.113916388666687,3.679077133499198,-0.04019883441427299,0.026567624233659874,0.0,495.96980835415076,494.7617588622039,496.6043992055459,497.16983224784775
1.680000000000001,-0.49190498336237815,-0.016283183318517778,13.056400585457162,6.2498519543905235,0.06441223889332992,0.0,-0.8486692733943879,-0.13934480927252285,3.8915019243237565,-0.03964539629281535,-0.008430697666120824,0.0,485.79345879094046,483.161874501312,483.88494919121814,483.925935781241
1.740000000000001,-0.5440951044825681,-0.02530180868018429,13.29170653240207,6.24749970644422,0.06410274236901703,0.0,-0.8909584716733824,-0.16149605663467667,3.9518043932689846,-0.03833611413913309,0.0006931370530810286,0.0,438.6929939746845,439.4500801291082,440.01180375394625,440.11940397109095
1.8000000000000012,-0.5988077861187657,-0.03568742936951376,13.530416742494255,6.245150408115153,0.06499233064122212,0.0,-0.9328470408499148,-0.18490494742074845,4.004990225272483,-0.040844700731972126,0.0339024011024075,0.0,435.67743592431424,438.44544563174725,438.6139479545085,438.4047555188134
1.8600000000000012,-0.6560389776292236,-0.047511277331498514,13.772014814387784,6.243135320930737,0.06690378932489516,0.0,-0.9750415777456625,-0.2094225754816606,4.048086648913741,-0.02202056823150784,0.027418630852898522,0.0,434.4841323064343,433.94054291169317,435.04282273796554,436.6157276434152
1.9200000000000013,-0.7159911834005832,-0.060932308804958396,14.018461543976963,6.241533104840265,0.06832329978667762,0.0,-1.0235066210044943,-0.23807766013661527,4.1663389423221995,-0.03826783447604584,0.014815549660905735,0.0,459.69728472208146,458.6974852264141,459.4342175715247,458.1439471375963
1.9800000000000013,-0.7787698195395001,-0.076041767004324,14.270375602391157,6.239478311986584,0.06980260773062774,0.0,-1.0692269647004633,-0.2657694695011263,4.230520693140246,-0.02722226236502352,0.03932608693916631,0.0,441.94626322873086,443.96218880792287,442.90774521544415,443.81482295985944
2.0400000000000014,-0.8444951734601873,-0.09295561708513203,14.528520291331155,6.23801488302772,0.07202145862744747,0.0,-1.1218368339924143,-0.2981674961130597,4.373707319043408,-0.019256367942020312,0.03182230367713237,0.0,469.5327112979452,468.9507025686025,466.5878137376287,467.2092939179431
2.1000000000000014,-0.9131369497392555,-0.11166279285693774,14.7912654919022,6.236676984476205,0.073708045800851,0.0,-1.1663900655734758,-0.32551234118196765,4.384383171258839,-0.029206505542069005,0.019400116896767253,0.0,428.3447675392454,427.2871846500276,428.2056735868785,427.35823453931005
2.1600000000000015,-0.9847725948964279,-0.1322195835715202,15.058547872782688,6.234717192148654,0.07563638545191331,0.0,-1.2216097077726176,-0.3598862129548654,4.524427040040909,-0.04067024242065592,0.049874368968513175,0.0,467.0957333708056,469.4667814182793,469.1755567175623,468.28421256892034
2.2200000000000015,-1.0598967154866183,-0.15496353447683578,15.335841874135388,6.232001683696948,0.07926385414586701,0.0,-1.2828649771612086,-0.3985002930525715,4.717832646978321,-0.056526960467295675,0.07595083279825891,0.0,483.4017639010391,485.36508956781773,487.11420533363275,485.92581157889805
2.2800000000000016,-1.1388136057436626,-0.1801054168975491,15.625032800561033,6.229843144129301,0.08370243736030591,0.0,-1.3481620817185738,-0.43981952023888954,4.9208916581739475,-0.011657996284191051,0.06970470228315898,0.0,489.4908050091122,489.02942280567737,489.0166899956098,492.34707980946615
2.3400000000000016,-1.2213175436185069,-0.20749235514170303,15.921244459366456,6.229087485734944,0.08771797688837601,0.0,-1.4023425269293148,-0.4731355875118621,4.9526083056501236,-0.014535910319212362,0.060693973745455335,0.0,440.59970716666146,439.8573728801587,440.0840835573459,439.8458911107438
2.4000000000000017,-1.3072061574757154,-0.23692840034464632,16.22000432535637,6.228229706236608,0.09175951527493442,0.0,-1.4609670355464535,-0.5081331815206998,5.005730955999365,-0.013821424287454875,0.07814527426977419,0.0,448.1330222557235,449.55279046837603,445.8425439838542,445.9010358216658
2.4600000000000017,-1.396837418548142,-0.2685642964003753,16.523455659080057,6.227225244920861,0.09696014826453947,0.0,-1.5272159596143795,-0.5464608733840508,5.108735546499757,-0.023333938124981496,0.09981746375429906,0.0,461.5913830497741,463.3044427214451,464.8813989863106,464.1354130165488
2.520000000000002,-1.4904037691406287,-0.3024341050656027,16.831505799349234,6.225301402308975,0.10265969859877888,0.0,-1.5922006051281423,-0.5826608910380707,5.15923756606169,-0.061936127990532025,0.08299174557955757,0.0,448.80325487526375,447.44278907782564,450.38220167804553,447.247987433814
2.580000000000002,-1.588278417973165,-0.3386898275716243,17.14545447703022,6.2218942146795815,0.1080823728612863,0.0,-1.6707926333960421,-0.626202252649098,5.30487601174748,-0.04808882786487774,0.10209895446759559,0.0,477.8740280051792,479.334553249171,477.27408755831885,478.32790825157775
2.640000000000002,-1.690400944907962,-0.37729489014448164,17.46271319438605,6.218735675306046,0.11414757495209571,0.0,-1.7338163015460917,-0.660883634395585,5.270423922971286,-0.06380311007125908,0.09898296731718442,0.0,423.12811457872414,422.8691265156877,424.8151690834946,423.4632705793534
2.700000000000002,-1.7965652965590604,-0.4181239728431043,17.77923973715272,6.214503695634502,0.1204068177132891,0.0,-1.8055387719677058,-0.700427030795357,5.280233675219352,-0.08947564032194875,0.11328395057305812,0.0,437.1211411639812,438.3210361168202,439.53366914550236,437.3962941658466
2.760000000000002,-1.9069664400839166,-0.46129964366926113,18.094814364536013,6.209604181040017,0.12834832898806692,0.0,-1.8751363957949303,-0.739178284449607,5.238903342273035,-0.0693937889830918,0.1555742563930432,0.0,419.47871413512513,423.1517580225004,421.4134838877541,423.1401289933619
2.820000000000002,-2.02191643324152,-0.5070092630682467,18.409664775809052,6.205447239341392,0.1375876510248073,0.0,-1.9573508863425026,-0.7848278976520974,5.255761169663644,-0.06906054893582277,0.1506170342201656,0.0,440.9616244442901,440.5744553571855,441.2316159813509,441.25545365392776
2.880000000000002,-2.142894260799331,-0.5560483575075876,18.732065749137995,6.201657391204437,0.14746069731677558,0.0,-2.0762407703558785,-0.8501776019347387,5.48944124009696,-0.053415815669620094,0.18342130582726499,0.0,505.13585901038897,507.51763380710935,506.52645095242724,507.64800734925825
2.940000000000002,-2.2700833533768687,-0.6084548091494317,19.060653462006957,6.198667690576421,0.15861735448266145,0.0,-2.164329979921371,-0.8969519273890406,5.4632826675143376,-0.04347864269168737,0.1905583210649041,0.0,429.74411095709956,430.38351103278484,431.4002193902712,432.23698913688753
3.000000000000002,-2.4024427170015232,-0.6635537494817594,19.385745459038535,6.196228709718806,0.16976385222952395,0.0,-2.2485484801894655,-0.9398833768931641,5.373234860902508,-0.03552092513424361,0.17391808866414646,0.0,409.57081015360166,408.12437833346513,410.2861064581908,410.991146702472
3.0600000000000023,-2.5413018413153505,-0.7219057923308334,19.712745543448378,6.193764157648584,0.18067344593171963,0.0,-2.3811200574494347,-1.0053373740419265,5.525568859384044,-0.055512656774972094,0.19419633827648938,0.0,485.9282889537476,487.4747220098535,487.6084738112069,486.1116353870737
3.1200000000000023,-2.687112612004388,-0.7836319136437624,20.042074781236593,6.190474806363014,0.1923423168855889,0.0,-2.4801841390283412,-1.0524587723253755,5.452037644786812,-0.0534773134514388,0.19504395446791625,0.0,417.8989327811158,418.0123605118746,417.66404746210094,417.8393412473717
3.1800000000000024,-2.838833198630632,-0.8481301876206156,20.36584142570871,6.18697410416998,0.2039110093537797,0.0,-2.5780886393381244,-1.097742949267492,5.340328244469617,-0.07048641957118769,0.18793307300370146,0.0,404.457867445558,403.8570571590516,405.8794192995405,404.3467956118558
3.2400000000000024,-2.9979640608193012,-0.9160280231024845,20.689368168987237,6.183540639265953,0.21541126763866725,0.0,-2.7273113698822113,-1.1658091191821405,5.442818766948672,-0.03898111080645785,0.19824889877232013,0.0,474.1381947388411,474.9633106072686,473.316633644478,475.73318455262586
3.3000000000000025,-3.1659069274193428,-0.9878953593133781,21.01723061835634,6.181404524684233,0.22719249404235153,0.0,-2.871817963053327,-1.2299123354843489,5.485145488627003,-0.029581222895560994,0.19227246965826855,0.0,457.4946664297264,457.0549339013485,458.67839139919766,459.4239081664212
3.3600000000000025,-3.34177506503661,-1.0632186205783132,21.343418326396304,6.179805580724425,0.2388294933123314,0.0,-2.9913931013785406,-1.2809999398809857,5.3877697391450745,-0.021350158817498122,0.1971051176329441,0.0,412.2594094332579,412.7261427420651,414.08215229565803,414.8055557251394
3.4200000000000026,-3.52617273410037,-1.142121861138878,21.668466537391783,6.178349262653988,0.25037768502635327,0.0,-3.156212155182812,-1.3491576250935933,5.446226543996761,-0.030870050193358842,0.18107530123894647,0.0,466.0407022495793,464.81991341188467,465.1171926175456,464.3708131787557
3.4800000000000026,-3.7195297534310487,-1.2246685611757202,21.992477984559248,6.1767551167073975,0.26069534901216507,0.0,-3.289912192190855,-1.4025342416143942,5.3540698014763946,-0.019119083295402486,0.13906360890121794,0.0,419.40799587208846,415.7711893211928,416.71996856006274,417.7459137357459
3.5400000000000027,-3.920908448761603,-1.3103754330990731,22.310322318730687,6.175658383671017,0.2689126465654956,0.0,-3.4234447297242103,-1.4544693249082348,5.240819440588004,-0.016649433146303003,0.13236925625801385,0.0,409.90570344823607,409.3293047079432,410.48636303721287,410.7055476862912
3.6000000000000028,-4.130511631113621,-1.399244856781669,22.621620678842064,6.17472255811203,0.27678751422364467,0.0,-3.5640403578379884,-1.5079379058115903,5.135806356389899,-0.0135714631755916,0.1289074999963851,0.0,413.59101129721984,413.3031572791517,412.168983995289,412.44106235663395
3.660000000000003,-4.349642528292494,-1.49170010392299,22.9299204009781,6.1740853575475505,0.284409922147554,0.0,-3.7409832743423355,-1.573923434297154,5.140227827177927,-0.0052887980909449225,0.12302067934373138,0.0,450.17274007314757,449.7105316853322,449.9418898395665,450.61220429811584
3.720000000000003,-4.578669017104177,-1.5877992521715723,23.235474579887338,6.174091469787637,0.2915902367362708,0.0,-3.893913026521874,-1.62941129278443,5.044845565805143,0.009147213967449122,0.11196253028361097,0.0,418.0942146824085,417.14326714764013,417.08497857606795,418.344177815431
3.780000000000003,-4.8170609136356015,-1.6872492591776296,23.535472205689537,6.1742017267995735,0.29836955013865296,0.0,-4.053131881820521,-1.6855779940554447,4.95497582041353,-0.01973309178291449,0.11496371509662259,0.0,419.41604510522717,419.6888517325733,421.2180944710684,418.71250316900057
3.840000000000003,-5.064989532001955,-1.7900227431440296,23.829575415928893,6.173667129671738,0.3051584274546446,0.0,-4.211824479547558,-1.7402857344870644,4.84841195162484,0.006848168963257368,0.10924765989976422,0.0,414.02398839613375,413.5330633915417,413.32707812705485,415.66370986075924
3.900000000000003,-5.322844771644705,-1.896181283015857,24.11812405236914,6.17374092184537,0.3113845946211651,0.0,-4.3839820630290705,-1.7983216240208078,4.769668520553734,-0.013436423702478913,0.08961028356312262,0.0,424.9936662203779,423.3165518063146,424.8927542881223,423.14974997350316
3.960000000000003,-5.592170289522201,-2.006171226375474,24.40504005458453,6.172820109409024,0.3164974870414996,0.0,-4.593997927317126,-1.8680351790825696,4.793417740083319,-0.019471082159383965,0.07453740310174967,0.0,460.14725209179136,458.9578747437945,458.6751582076842,458.19566107242076
4.020000000000002,-5.872918774651602,-2.1199258794105464,24.689390581378124,6.171282271282985,0.32067349090220265,0.0,-4.764826753944561,-1.9239100421351718,4.684897172361345,-0.042284552784817936,0.05723730956788523,0.0,417.9035785783279,416.39645672007526,415.44137752286287,413.4354412749676
4.080000000000001,-6.164778924054511,-2.2373196186207154,24.96947995821746,6.168334413379039,0.3238671166033207,0.0,-4.964234934615947,-1.9894178739211308,4.650958138528782,-0.06857917595183843,0.043677928780308496,0.0,442.6336039331029,441.5179194812967,442.5681799025955,440.3963976367067
4.14,-6.468877200381656,-2.358761947538157,25.24802470440793,6.164045029869779,0.3267995467700855,0.0,-5.172707854108023,-2.0589819263760694,4.633290340428076,-0.07805575975060669,0.05763839683623548,0.0,447.54039365480855,448.6769084356578,448.81768000318345,448.04379744463927
4.199999999999998,-6.786758751780722,-2.4848699288896876,25.52890399145105,6.159278197290067,0.32993435202730304,0.0,-5.423562794045059,-2.1449766543446906,4.7280586335823935,-0.08238450262712077,0.03837607067272843,0.0,486.7393462753149,485.296828047196,485.2230264870682,484.8933977562943
4.259999999999997,-7.118845613797342,-2.615890550856182,25.81265114774106,6.154557136017871,0.33293977368808925,0.0,-5.646308288382055,-2.2227423487241356,4.729413276185525,-0.07215946604366548,0.06678644112641911,0.0,457.87940502963806,460.13592406557854,457.89689443191037,458.70499654270384
4.319999999999996,-7.46458300475272,-2.75172600296613,26.096930438305794,6.149787029884699,0.3373064665668055,0.0,-5.878672764060668,-2.3054256645932454,4.745599067597035,-0.10120399718919323,0.08265702618975287,0.0,464.66486940949153,465.91140634980366,466.31361890097514,464.0335262688108
4.379999999999995,-7.824370015705815,-2.892605000731365,26.382040165094512,6.143816059284788,0.342182972143493,0.0,-6.1146818087302455,-2.3909782114664306,4.7570048446508855,-0.09634023574769628,0.07835908810311365,0.0,466.22947062285334,465.8984683111448,465.5154571330912,465.88794088791036
4.439999999999993,-8.196223502199192,-3.0378469451219265,26.66156211944291,6.137646050026774,0.347192236280887,0.0,-6.281182955476095,-2.4508421834792906,4.5606096581826066,-0.12078631234421458,0.09215334743617087,0.0,395.1190437130653,396.3956521161932,396.6484158752187,394.38519480804155
4.499999999999992,-8.579828923181713,-3.187419539287404,26.933717638724822,6.130557000153985,0.3527258866128875,0.0,-6.506248144520336,-2.5354147897078105,4.5104290009649946,-0.11334595873745572,0.09237530359265148,0.0,446.64902784483473,446.6742511150774,448.38673664388386,448.9785093821202
4.559999999999991,-8.978169258731619,-3.3426267132739014,27.205672702548235,6.124157269213104,0.3580556494767224,0.0,-6.772212893861169,-2.638608332747922,4.553286654920672,-0.09585430575458681,0.08058441545977627,0.0,480.02851068381796,479.13861411283824,479.55788806617005,480.8757854021564
4.6199999999999894,-9.391135595105416,-3.5035065029294983,27.476170780785075,6.118335790322018,0.36337575100086195,0.0,-6.993964771586195,-2.724445581128089,4.462706303509295,-0.09947256895558575,0.10126330144609139,0.0,437.08218401342316,438.8091568759312,440.0142950796089,439.7064063115091
4.679999999999988,-9.817777427740719,-3.669718112396624,27.741713635918607,6.112683481783591,0.3704734860464445,0.0,-7.228129675511359,-2.8163107663114126,4.387862677764487,-0.08534143911223048,0.13989780168486005,0.0,444.17726955399274,447.3469518387803,445.4204610128988,446.5673372844598
4.739999999999987,-10.257996439743645,-3.8412376174946687,28.001008478381713,6.107867274764173,0.378779203733143,0.0,-7.446701674960147,-2.9013151331848563,4.254695122721122,-0.0716869185199725,0.1353190629168428,0.0,428.2145885943838,427.8433610607729,426.5650901626876,427.7243222568644
4.799999999999986,-10.71226693414309,-4.018250067491176,28.25406579759046,6.103237936463913,0.38745360269030105,0.0,-7.696449564225731,-2.9993354404737027,4.179483880076625,-0.09128633998429114,0.15856167855248898,0.0,448.8607264084872,450.7623494533512,449.7523520076202,448.1568389159428
4.859999999999984,-11.181274915917463,-4.201013780631097,28.501391558341446,6.097335895175242,0.39685271085916884,0.0,-7.9380406850305,-3.0931000943041007,4.063754009264914,-0.11884244101857597,0.1525345736238448,0.0,439.4001104104091,438.92356572489354,437.83016513857046,435.52183114031027
4.919999999999983,-11.6654944445561,-4.389710832059527,28.74282920317351,6.090131912483891,0.4061919093388022,0.0,-8.203430542230171,-3.197189913628049,3.982849228289708,-0.1226314213698945,0.16125024519546613,0.0,453.2178582536598,453.94032801544904,451.38861708543766,451.06989037331266
4.979999999999982,-12.166101280134795,-4.5848635248037235,28.97981291717286,6.083016713377294,0.41566342365753517,0.0,-8.484268227122337,-3.30826296817923,3.9150671602409224,-0.11153107050906093,0.15003725477719468,0.0,460.17751908850425,459.31144426223455,459.8839286316945,460.7503997292409
5.0399999999999805,-12.68308843082033,-4.786465640810783,29.21102537188121,6.076004890756812,0.42469219878532005,0.0,-8.749496265394967,-3.412154141680964,3.7908366075480977,-0.1305224715215654,0.151348820081361,0.0,444.9721421461194,445.10079260609143,443.7050915646819,442.13015219530286
